name of schools
